INDEX FONT1VM , 319

Longnum desuanL sp.15,4)779 929 (39,2)666 (40,4)

Lucmnus el. Restz.
vol. 1(p. 153) 326 (456) 138 930 (573) 931 932

(712)897 (768)401
wss. 2(p. 2)p. 25sq. n-.132, 1 (572)694 (643)933934
(689)483 935 (725)326

vm. 3 (p. 226)816 (436)519 (597)935

Βυωᾞυυε(2, 991sqq) 836

Lymugusc.Le0mn(§ 98)p.87 ms (100)362

Lydused.BeMss(p.55,6)1014 (55,7)685 (55,18)424
(94, 1) 685 (94, 11)) 936 (96,19) 230 (217, 22) 6⁴24

Macarius (4, 69) 401 (6, 83) 1101 (7, 78) 722

ΜεωὉϋὴω Sah (1, Γ7,10) 781, 11 (1, 17, 59) 937
(1,18,4)752 (1,18,6)48C>(1,23,8)938 (5,18,12)753
(5,18, 17 18 20) 534 (5,21, 13) 135 (7, 2, 9) 131
(7, 15, 23) 973

Manuel Pala'eol. Praec.'a‹1 fil. (c. 55) 872 (72) 809

Marcus Antoninus (7, 38) 289 (7, 40) 757 (7, 41) 207
(7,42)910 (7, 50) 836 (10,21)890 (11,6) 207 289 757
(12, 26)1007

MaxunusinIH0nys.A1eop. vol 2 ss) 234(ss 124

Maximus Conf. ed. Comhesss. vol. 2 (p. 625) 1027

Maximus planudes in Hermog. Rhet. Gr vol. 5 (p. 441) 477
(536)637 (572)809

Maximus Tyr. ed. Reisk. VII (p.126) p. 188 XXI (p. 409) 897

Menander Com. 4 (p. 72) 1007 (90) 1007 (132) 1013
(146)709 (195)872 (249)435 (288)963

Menander Rhet. Gr. vol. 9 (p. 282) 452

Menandri monost. (28) 298, 1 (46 47) 1029 (89) 195
(101)293,2 (117)839,2 (125)207,3 (129)801,3
(149) 366, 1 (159) 887 (169) 622, 3 (176) 238
(210) 1050 (222) 967 (250) 1014, 1 (316) 1056
(332)897(338)719(363)547,1(419)872(421)364,21
(434) 1007 (462) 601, 3 (480) 99 (497) 1006

(499)1015(539)195(556)533,1(558)465(614)1043

(668)195 (671)401.(687)261(697)662,1 (709)6ΟΟ,4

738 1013

