JNDEX FONTIVM 329

(62, 39) 323 (62,41) 217 (63,1) 26 (63,2) 212
(63, 3) 431 (63, 4) 162 (63,11) 271 (63, 22) 140
(63, 23) 433 (63, 25) 434 (63, 36) 666 (64, 4) 161
(64, 5) 324 (64, 6) 132 (64, 7) 139 (64, 3) 341
(64,10) 523 (64, 24) 660 (64, 31) 161 (65,1) 15
(63,1) 552 (66, 2) )339 (671)547 (67, 2) 549
(67, 3) 1041 (67,10) 153 (67,’ 14) 164 (67,15) 319
(67, 25) 319 (63 12) 406 (63, 15) 663 (69, 3) 1042
(69, 5) 1043 (69, 7) 79 (69, 9) 653 (69, 11) 497
(69, 13) 549 (69, 19) 496 (692 0) 60 (70,1) 503
(70, 3) 213 (70, 4) 504 (70, 6) 529 (70, 10) 214
(71, 1) 301 (71, 3) 24 (71, 5) 1044 (71, 7) 319
(71, 3) 304 (72, 4) 467 (72, 6) 663 (72, 3) 211
(72,12) 524 (72, 13) 505 (73, 1) 1045 (73, 5) 543
(73, 10) 500 (73,11)320 (73,12)109 (73,13) 36
(73, 14) 4 (73, 16) 3 (73, 20) 670 (733 21) 323
(73, 22) 321 (73, 23) 452 (73, 24) 405 (73 25) 404
(73, 23) 550 (73,2 9)526 (73, 31) 532 (73, 35) 321
(73, 41) 273 (73, 42) 322 (73, 55) 443 (73, 57)305
(74, 2) 466 (74, 6) 499 (74, 10) 1046 (74, 12) 525
(74, 13) 322 (74, 15) 1047 (74,17) 112 (74, 13) 203
(7 7,4 26) 606 (74, 31) 320 (75, 2) 522 (75, 3) 570
(75, 4) 313 (75, 7) 654 (76, 2) 575 (76, 7) 1004
(76, 10) 494 (76, 12) 361 (77, 1) 320 (77, 10) 163
(77,11) 373 (77,12) 142 (73,4) 274 (73,3) 325
(79, 2) 343 (79, 3) 943 (79, 4) 360 (79, 15) 33
(79, 19) 236 (79 23) 35 (79, 27) 1043 (79, 29) 111
(79, 50) 596 (31', 3) 1049 (31, 6) 143 (31, 7)’532
(32, 1) 442 (32, 2) 139 (33, 3) 502 (33, 6) 104
(33, 16) 340 (33, 17) 334 (33, 13) 333 (33,21) 339
(35,2) 414 (35,6) 673 (36,1) 345 (36, 2) 53 (36, 7) 54
(36, 3)413 (36,9)514 (36,11) 9 (36,25) 399 (37,1) 167
(37, 5) 531 (37, 3) 1050 (33, 1) 1051 (33, 2) 739
(33, 3) 233 (33, 4) 244 (33, 5) 234 (33, 3) 1052
(33, 9) 403 (33,10) 409 (39, 9) 417 (90, 1) 166
(90, 2) 76 (90, 3) 1053 (90, 5) 344 (90, 6) 307
(90, 7) 620 (90, 10) 300 (91, 4) 326 (91, 7) 465
(91, 3) 643 (91, 12) 310 (91, 16) 249 (91, 13) 251

Evnu· ..... tu. ⁸ ⁸

