330 mom( FONTIVM

(91, 20) 143 (91, 21) 22 (91,22) 334 (91, 23) 323
(91, 24) 534 (92, 1) 93 (92, 2) 334 (99, 3) 399
(99, 4) 310 (92, 5) 435 (92, 6) 393 (,99 7) 379
(93, 9) 773 (93, 3) 441 (93, 4) 493 (93, 6) 346
(93,7) 1054 (93,9) 20 (93,10) 691 (93,19)937
(93,13) 163 (93,14) 56 (93,15) 97 (93,16)633
(93,17) 310 (93,19) 703 (94,1) 506 (94, 9) 399
(94, 3) 346 461 (94, 4) 364 (94, 6) 491 (94, 10) 356
(95, 7) 649 (96,1) 937 (96,3) 939 (96,4) 950 (97,3) 55
(97,11) 703 (97, 14) 399 (97,16)937 (93, 4) 536
(93, 91) 396 (93,99) 109 (93, 31) 141 (93,39) 34
(93 34) 910 (93, 36) 903 (93, 33) 907 (93, 39) 937
(93, 40) 377 (93, 44) 447 (93, 47) 653 (93, 75) 459
(99, 4) 1055 (99, 3) 576 Ι(99, 10) 1056 (99, 11) 146
(99, 19) 904 (99, 16) 93 (100, 3) 994 (100, 4) 994
(109, 9) 1057 (104, 9) 169 (104, 10) 35 (105, 1) 494
(105, 3) 1053 (105,11)196 (105,19)306 (105,13)340
(105, 15) 975 (105 16)635 (105,17) 159 (105,19) 419
(105, 31)964( 105, 39) 149 (105,33)46 (105,40) 1059
(105, 43)440 (105, 44) 553 (105, 45) 553 (105, 46) 540
(106, 1) 995 (106, 9) 347 (106, 3) 563 (106, 7) 733
(103, 3) 174 (103, 11) 757 (103, 13) 175 (103, 15) 1050
(103,17)347 (103,13) 99 (103, 19) 37 (103, 90) 939
(103, 93) 1061 (103, 94) 507 (103, 95) 1069
(103, 43) 1063 (103, 39)334 (103,33)ρ.63 (109,6)557
(109, 7) 463 (109, 3) 634 (110,3)419 (110,5) 413
(110,16) 761 (111, 1) 973 (111, 9) 130 (111,4) 659
5(111, 5) 554 (111, 7) 101 (111, 3) 63 (111,9) 303
(119, 3)410 (119, 4) 193 (113, 1) 567 (113, 9) 119
(113, 3)411 (113, 5) 1064 (113,15) 954 (114, 3) 103
(114, 7) 5(114, 3)3 (115, 9) 993 (115, 3) 364
(115, 5) 511 (115, 6) 699 (116, 9) 633 (116, 4) 95
(113, 5) 579 (116, 6) 1065 (116, 7) 519 (116, 36) 309
(116, 33) 93 (113, 3) 10 (119, 3) 443 119, 9) 537
(190, 3) 176 (120,10) 739 (190, 17) 900 (190, 13 330

   

(190, 22)452 (191,19) 313 191,15 363 (19394) 599 ὲ
(191,95) 536 (191, 36) 639 (199, 7 965 (199,3 577 3.-

(199, 9) 331 (123, 1) 641 (1234) 154 (124, 7} 422

