mpEx FONTIVM ’ 311

Rau. (64) 763 (72) 569 (93) 89 (100) 43 491 (105) 145
(282) 786 (311) 43 491 (465) 386 (470) 387
(536) 90 (840) 878 (849) p 122 p 124 (1043)
p 113p 176 (1080) p. 62 (1082) 639 (1182) 157
1187 158 (1206) 229 (1211) 752 (1217) 662
1225 816 (1238) 520 (1244) 484 (1305) 769

( ( ) (1328) 755

741 (1356) 474 (1391) 170 (1400) 880

(1427) 879 (1446) 586 (1451) 586

1320) 765 1322 756

1338
1402
1475
(21) 325 (120) 371 (177) 28 (272) 491
404)667 (413)801 3 (519)712 (547)ρ. 130

ἕ

(

Ξ 535
(770)p 155 (778)p. 155 (848)p. 155 (1015)117
Ξ

ἕ

(

)
1316Ξ527

)19 9(1478) 639
'rhesm

1018) 118 (1022) 120 (1029) 122 (1047) 122
1058) 125 (1060)p .25 (1065) 114 (1070) 115
1098) 123 (1101) p125 (1105) 124 (1107) 129
1110) 125. (1122) 881 (1128) 144
Vesp. 111) 668 (312) 389 (
1074) 666 (1413) p. 105
Fragm. Com. 2 (p. 987) 462 (1083) 182 (1180) 804
(1195) 959
Aristoteles ed. Bekker.

Probl. (p. 8963 24) 88'.⁷

Eth. Nicom. (p. 1110a 28) 70 (lllla 11) p. 118
(1129b 28) 490 (11365 13) 69 (11425 3) 785
(11523 23) 912 (11551) 3) 890

Em. M. (p.1208h 16) 890 (1209536)298 (1210314)890

61111156. (p. 1235a 16) 890 (12385 34) 298 (12391)
22) 298 (12445 11) 882

pom. (p. 1277a 19) 16 (13lOa 32) 883 (13285 15) 965

Rhet. (p. 1370b 4) 131 (13711) 31) 183 (13941) 2) 662

(13975 17) 400 (1405a 29) 700 (14091) 10) 519
(14174 15) 562

Rhet. ad Alex. (p. 14331) 12) 794

Poet. (p. 1454a 5) 457 (14543 31) 488 (145811 23) 790
(146111 20) p. 1

Arrianus Exped. Alex. (7, 16, 6) 963

Artemidorus (4, 59) 688

757) 310 (763) 468

