INDEX FONTIVM 327

Simplicius
in Aristot. Phys. (fol. 73 h) 1006
in Epictet. ed. Schweig h. (p. 523) 956
Socrates Hist.eccl.(3, 16) 1013 (3, 23) 963
Sosicrates Com 4 (ρ. 592) 1029
Stephanus Byz. v. Αἰθίοψ 230 351 ἄντρον 13 Ἀργος 631
Βοιωτία 486 Ευρώπη 382 Ξανθος 1087 Σελήνης 352
Τάρταρος 381 Τευθρανία 479 Υρί α 180
Stobaei Ecl.
1 (2, 2 p.26) 935 (2, 17 p. 36) 1014 (2, 19 p. 38) 401
(3, 3 p.104) 559 (3, 14 p. 108) 508 (3,15 p. 110)
832 (3,21 p.114) 969 (3,23 p.118) 150 (3, 25
p.118) 224 (3, 33 p.122) 223 (3, 35 p.124) 266
(3, 39 p. 126) 646 (3, 40 p. 126) 1030 (3, 47
p.130) 257 (4, 2b p. 154) 301 (4, 6 p.156) 478
(5, 2 p.166) 151 (5, 10 p.170) 623 (6, 12 p. 198)
’1006 (7, 8 p.216) 332 (8, 19 p.232) 509 (8, 20
p. 232) 38 (8, 25 p. 234) 444 (9, 1 ρ.268) 890
(9, 2 p. 270) 551 671 (9, 4 p.272) 342 (25, 3
p. 540) 776
11(1,2 p. 4) 793 (6, 6 p. 170) 837 (7,2 p.336) 609 (7,4
p. 336) 601 (7,11 p. 340) 1015 (7, 12 p. 342) 660
Stohaei Flor. (1, 3) 546 (1, 4) 734 (1, 6) 1016 (1, 7) 1017
(1,8) 219 (2,15) 305 (2,17)696 (3, 3) 925 (3, 1 2)199
(3,18)364 (3,20)635 (3 22) 607 (3, 27) 201 (4, 2) 1018
(4,9)420 (4,10) 735 (4, 11 )32 (,4 19) 1019 (4, 30) 891
(4, 31) 1020 (4, 32) 48 (5, 2) 951 (5, 4) 20 (5, 6) 838
(5, 7)884 (5‚16)449(,5 17)128 (5, 18) 656 (5, 21)342
(5, 82) 19 (6, 22) 200 (7, 1) 304 (7, 2) 11 (7, 5) 247
(7, 6) 331 (7, 9)8498 (7, 10) 556 (8, 1) 290 (8, 3‘)523
(8, 7) 826 (8,126)8(8,13)241 (9, 5) 421 (9, 8) 7
(9, 13) 588 (9, 15) 1021 (10, 7) 429 (,10 17) 299
(10, 18) 327 (10, 23) 423 (10, 26) 758 &(12 1) 1022
(12 , 10) 436 (13, 1) 1023 (13, 7) 416 (13, 8) 737
(13, 10) 706 (13, 13) 338 (13, 15) 1024 (14, 3) 364
(16, 4) 198 (16, 5) 411 (16, 6) 330 (17, 7) 364
(18, 20) 267 (19, 3) 656 (20, 7) 31 (20, 11) 259
(20,12)261760 (20,17)796 (20,25) 260 (20,26) 1025

