’ Plinius Epist. (4, 27, 6) 809

322 INDEX FONTIVM

100. (p. 5331)) 571
Sympos. (p. 177 Α) 488 (196 E) 666
Plautus Rud. (1, 1, 4) p. 20

Plotinus ed. Kirchhoff. vol. 1 (p. 5) 490
Plutarchus Mor. (p. 10A) 656 (11 F) 342 (19 Ε) p.81 p. 111
(20D) 256 1054 (201³) 925 (21 A) 294, 7 (22 E) 1341)
(241)) 984 (250) 21 (28Α) p. 113 (330) 19 (3313) 838
(3413) 950 (341)) 20 (36 C) 951 952 (36F) 452 884
(43 Β) 183 (46 F) 725 (63A) 364 416 (691)) 954
(71Α)668 (71F) 1071 (85A)953 (881))1071 (9OA)455
(931)) 754 960) 598 (98Ε) 27 (102Β) 954 (102F) 955
(103Β) 662 (104Α) 424 (10415) 419 (106Α) 336
(1061)) 950 (1103) 454 (1101)) 456 (110F) 757 ἵ
(1121)) 392 (116F) 507 956 1063 (1171)) 757, 9 - ⁷.
(120A) 957 (1260) 887 (1323) 958 (285 Β) 23 (3101))”
p. 88 (312 A) p. 140 (337F) 364 (369Β) 21 (3791)) 959
(3841)) 960 (390C) 962 (399A) 963 (405Β) 401
(405F) 666 (416E) 961 (431 Α) 925 962 (4320) 963
(4420) 890 (446 A) 837 838 (447 Ε) 849 (464 Α) 964
(4674) 289 (4720) 722 (4744) 21 (4756) 302
(4801)) 965 (481 Α) 1071 (482Α) 598 (497Β) 230
(498 Α) 772 (5020) 891 (5060) 417 (507Α) 1031
(507Β) 415 (514Α) 183 (5200) 383 (521Α) 788
(5260) 966 (529 Ε) 311 (532F) 967 (5334) 598
(539 Β) 968 (5440) 785 787 (549Α) 969 (549 D) 969
(556A) 403 (556E) 970 (562 F) 970 (581F) 284
(601A) 935 602B) 722 (6041)) 362 604Ε) 971

(606A 417 6070) 816 (6080) 782 (61513452
(6220) 666 6300) 183 (63019) 131 (6440) )979
(6671Ἷ 899 6994) 973 (7130) 974 (ξ2ξ3)373

ἓ
(6614) 488 (6619) 754 (6650) 783
ἓ

(7500)ρ 235 7550) 976 (7560) 483 484 (75610890
(7574) p324 7600) 324 (7620) 666 (76310598
(7679) 1069 (7704) 890 (7780) 431 (7790) 786
(7800) 935 (7864) 23 (7860) 903 (7904) 220
(8024) 442 977 (8030) 284 (80710311 (8110) 964
(8120) 978 (8370) 230816 (9080) 836 (9193) 935

 

