INDEX FONTIVM

Achilles Tat. [sag. in Phaen. ed. Petav. Vranol. (p. 122 E) 853
(139 Ε) 854 (140 C) 853 (165) 853

Aelianus N. A. (3, 17) 407 (3, 47) p. 63 (4, 54) 912
(5, 2) p. 170 (5, 34) 313 (6, 15) p. 234 (7, 39) 740 851
(7, 47) 619 (8, 1) 887 (9, 1) 912 (12, 7) 544

v. H. (2, 8) p. 10 (2, 21) p. 235 (12, 15) 856

Aeschines c. Timarch. (§ 128) 857 (151) 671 (152 153) 809

Alcinous Isag. Plat. dogm. (c. 24) 838

Alciphr. (1, 19, 1) 878

Alexander in Rhet. Gr. v01.8 (p. 440 sq.) 858

Alexis Com. 3 (p. 410) 701 (521) 322

Ammonius de diff. vocab. ed. valck. (p. 25) 128 (34) 630
(86) 206 (119) 716 (137) 106

Anaxaudrides Com. 3 (p. 200) 912

Anecdota Bachmanni vol. 1 (p. 191, 29) 365 (251, 23) 998
(357, 25) 1090 (412, 7) 476 (418, 24) 1091

Anecdota Bekkeri (p. 6, 19) 476 (26, 11) 861 (,45 30) 769
(85, 11) 695 (87, 29) 844 (93, 26) 768 (94, 1) 661
(95,23) 616 (105,25) 42 (106,27) 618 (107, 19) 634
(109,15)770 (109,17)227 (116,2) 283 (338,14)1105
(339,6) 136 (339,10) 1095 (340,25) 859 (343sq.) 860
(346, 19) 861 (349, 3) 923 (359, 22) 799 (362,8) 862
(362, 10) 863 (363, 3) 1080 (368, 31) 476 (369, 18)
864 865 (378, 13) 1107 (383, 1) 866 (383, 8) 1106
(414,15) 1082 (440,32) 842 (444,32)767 (514,9)469
(514, 11) 270 (786, 12) 582 (1163) 521 (1185) 428

 

