INDEX FONTIVM · 315

(112‚26)918 (153,32)371 (190,23)1108 (272,1)919
· (294, 46) 694 (295, 43) 15, 2 (365, 29) 294, 2
(410,45)823 (411,12)181 (420,18)110 (495sq.)627a
(537,35)918 (564,22)6271) (576,30)521 (702,48) 845
(714,21)824 (737,17)818 (764,52)895 (789,34) 476
(796, 12) 473 (803, 45) 538 (808, 6) 674
Etymolog. M, cod. Flor. in Milleri Me'lanyes de litt. Gr.
(p. 153) 625h (205) 6271) (208) 7271) (266) 824
(275) 818 (306) 674
Etymol. Voss· ed. Gaiss. (p. 332 B) 994
Eubulus Com. 3 (p. 208) 225 (218) 126
Eunapius ed. Bonn. (p. 80) p.26
Eupolis Com. 2 (p. 463) 76 (566) 880
Eusebius
Chron. canon. ed. Maii (p. 277) 1098
Praep. evang.l (p.2OD) 488 Vl (p.242 C) 688 (249 Α)1013
X. (p. 466D).497 Xlll (p. 679 D) 209 (681 A) 935
(681 B) 596 (684Α) 832
Eustatl1ius
iu Dionys. Perieg. (426) 486 (1134) 596
in Hom. 11. (p.107,30) 694 (172 sq.) 15, 2 (236, 29) 583
(240, 42) 220 (399, 11) 15, 2 (566, 14) 920
(592, 21) 681 (641, 59) 1003 (656, 58) 107
(695, 43) 918 (763, 11) p. 224 (770, 21) 520
(789, 14) 640 (867 64) 899 (868, 33) 884
(883, 62) 888 (887, 5) 1071 (892, 39) 329
(903, 51) 918 (959, 43) 762 (978,2 3) 890
(1003, 24) 918 (1058, 4) 3681) (1084, 2) 880
(1090, 50) 827 (1170, 53) 632 (1192, 48) 189
(1234, 42) 107 (1299, 20) 284 (1301, 33) 891
(1356 62)476
in Hom. Od. (p. 1397, 19) 880 (1412, 14) 1004
(1430, 62)74 (1467, 37) 959 (1532, 16) 470
(1564, 33) 630 (1596, 45) 887 (1607, 3) 108
(1632, 9) 135 (1640, 60) 107 (1681, 42) 107
(1720, 26) 3683 (1731, 54) 772 (1761, 39) 634
(1775, 19) 380 (1793, 40) 370 (1799, 54) 206
(1837, 1) 495 (1902, 1) 108

