328 INDEX FONTIVM

(20, 31) 760 (20, 37) 715 (20, 39) 1026 (22, 1) 644
(22, 2) 429 (22, 5) 1027 (22, 6) 1028 (22, 7) 279
(22, 8) 80 (22, 13) ἠ7 7(22, 14) 29 (22, )82
(22, 32) 724 2(3, 5) 1029 (28,12) 1030 (29, 7) ’477
(29, 9) 719 (29,11) 366 (29, 13) 235 (29, 14) 240
(29, 15) 786 (29,16) 787 (29, 20) 147 (29, 22) 366
(29, 23) 464 29, 25) 719 (29, 32) 239 (29, 34) 435
(29, 36) 664 (2,9 44) 238 (29, 55) 709 (29, 56) 757,9
(29, 57) 131 (30, 1) 187 (30, 9) 221 (30,11) 516
(31, 1) 746 (31, 3) 439 (31,15) 458 (34, 2) 255
(34, 3) 5 (34, 1’·2) 127 (35, 3) 28 (36, 10) 218
(36,14) 1031 (36, 15) 348 (37,15) 600 (37, 20) 276
(38, 8) 407 (38, 9) 555 (38, 13) 296 (38, 14) 811
(38, 19) 297 (38, 20) 59 (39,1) 729 (39, 2) 1032
(39,4) 1033 (39,5) 30 (39,6)6 (39,7) 349 (39,8) 349
(39, 9) 814 (39,10) 722 (39, 13) 791 (40, 1) 795
(40, 2) 774 (40, 9) 884 1034 (41, 1) 415 (42, 3) 57
(43, 2) 778 (43, 4) 825 (43, 12) 269 (43, 13) 1035
(43, 16) 803 (43, 20) 21 (43, 21) 173 (43, 22) 92
(44,1) 1092 (44, 2) 343 (44, 4) 364 (45,1) 393
(45, 3) 645 (45, 7)95 (45, 9)93 (45, 12) 100 (45,13)16
(46, 1) 693 (46, 3) 1036 (46, 9)272 (46 10) 679
(46. 82)220 (47, 5)252 (47, 6)8 (48,1)628 (48 2) 1037
(48, 3) 194 (48 4,) 171 (49, 3)277 (49, 4)846 (49, 5)172
(49, 6) 81 (49, 7) 608 (50,1) 728 (50, 6) 39 (51,2) 731
(513)745 5(1, 4) 239 (51, 6) 1038 (51, 7) 242
(51,’ 8) 720 (51, 9) 246 (51, 10) 437 (51,11) 4305
(51, 12) 358 (51, 14) 1039 (52, 2) 138 (52, 3) 513
.(52,4) 248 (52, 5) 335 (54, 5) 220 (54, 6) 27
(54, 7) 292 (54, 8) 585 (54,10) 245 (54,11) 244
(54,12) 354 (54, 13) 355 (54,14) 289 1040 (54, 15) 743
. (54,16) 744 (54, 17) 732 (54, 19) 291 (55, 1) 462
(55,4) 370 (56,13) 188 (56,14) 742 (58‚1) 193
(58,5) 580 (59,13) 357 (59,18) 791 (61,4) 636
(62,3) 533 (62,4) 215 (62,11) 253 (62,12) 216
(62, 13) 263 (62, 14) 49 (62, 15) 50 (62, 16) 51
(62, 18) 58 (62,19) 52 (62, 20) 86 (62, 21) 315
(62, 22) 87 (62, 23) 376 (62, 24) 94 (62, 38) 515

